00000000000000000001000000000000
01000000001000100000000000000010
00000010000000000000000100000000
00000000000000000000000010000000
00000000000000010000001000000000
00000000000000000000000000000000
00001000100000000000000000010010
00010000000000000010000000000000
00000000000000000000100010000010
10000000010000000001000000000000
00000100000000010000000000000000
00000000000000000000000000000000
01000000000100000000000000010001
00000000000000000000000000000000
00000000000000000000000000000000
00000001000000010010100000000000
00000000010000000000000000000000
00101000000000000000000000001000
00000000000000000000000100010000
00000000000001000010000000000000
00000000000000000000000001000000
00000000100000000000000000001000
01000000000001000100001000000000
00000001000000000000000000000000
00000000001000000000000000000000
01000000000000100000000001000010
00000000000000000010000000000000
00000010000000000000010000000000
00000000000000000000000000000000
00001000010000000000000000000000
01000000000001000000000100100000
00000000000000001000000000000001

1
11000000
00000000
00000000
00000000
00000000
00000000
00000000
00000000
